5.195403886559979156e+01 1.319403154712935589e+01 3.483772957829823014e+01
1.676225682839046627e+01 5.452968139364527644e+01 2.693613332751639078e+01
2.123891733692194705e+01 2.184439911441182502e+01 2.610720159069291313e+01
4.065114407730177248e+01 3.475817494198864210e+01 3.284219043307456332e+01
9.788771697379264225e+00 3.652701052873083398e+01 4.082924661296109292e+01
2.774997445910658911e+01 8.489228535102624207e+00 4.103921841894891998e+01
3.991870837516231063e+01 1.838010610458103145e+01 2.130014302424915229e+01
1.168008826632147645e+01 3.708815402825864993e+01 2.189097783588092483e+01
2.769635100644663339e+01 2.632307112052599507e+01 4.215415435563003399e+01
2.002347249918650363e+01 4.924699282094412922e+01 4.269046336322190882e+01
2.655222021696484447e+01 4.190829907300369683e+01 2.758630503911225418e+01
2.901024210354035304e+01 7.532851901119395954e+00 2.492719412739207741e+01
5.286678669489782578e+01 2.649788483988221444e+01 2.673513774719750558e+01
4.213183228071662256e+01 2.209511299902583659e+01 4.196082927950675412e+01
3.279017774139342123e+01 3.043728257281362914e+01 2.215211313804210036e+01
4.722892540909741399e+01 7.804216859379205395e+00 2.398610466856005274e+01
3.785747715327374152e+01 1.278965157730163327e+01 3.419673747628648641e+01
2.271524149203872867e+01 3.734262933114322180e+01 3.847133713015898593e+01
1.029132143174777170e+01 4.513991562157940507e+01 3.204172960017029936e+01
1.917961058469267499e+01 4.595600066574260723e+01 1.916927507788715346e+01
1.555798121674617285e+01 3.056508987394384746e+01 3.168053664815257875e+01
2.219233394132606918e+01 1.800580601964802696e+01 3.734586233833031343e+01
4.930998208089838641e+01 3.018536705964806544e+01 3.796013073079505773e+01
4.328562964577107408e+01 2.835191563543250481e+01 2.204761627224313258e+01
5.053375237727429692e+01 1.752156785028658703e+01 2.226236197380095660e+01
2.769203549300113565e+01 1.656984729926434952e+01 2.028164703150996928e+01
6.349730617413385403e+00 3.625479850443030472e+01 3.126954473430460268e+01
3.207070329426440480e+01 1.718734860015922195e+01 4.170914185326442691e+01
2.276399217647801976e+01 4.918253497652108308e+01 3.268282468907786864e+01
2.309619820058582107e+01 3.228543421652513246e+01 2.605435791272482149e+01
3.186340627268302228e+01 3.469956573411083411e+01 3.849698253557776439e+01
2.839442083718864751e+01 1.513366792989904752e+01 3.113330170183045809e+01
4.471007100768306231e+01 1.320606272815190962e+01 4.027668764013678526e+01
5.288367550563157238e+01 2.211369104411983599e+01 3.588605291867818181e+01
1.582595910676625905e+01 5.278185114717840065e+01 3.602674624149115346e+01
2.099862281099001393e+01 2.683075044008909771e+01 3.699257381026524882e+01
4.847717671209704804e+01 3.352322068148843215e+01 3.001494517657531347e+01
2.219695306552652170e+01 1.260265995946843987e+01 2.509515939482412250e+01
2.682441166892269635e+01 2.480697640969045636e+01 2.079570067168010183e+01
1.394527437192511599e+01 4.351942628037495808e+01 3.962673958504069560e+01
3.382462875842225003e+01 3.709866315770307210e+01 2.908174114396213383e+01
4.581232507387692010e+01 1.399138898471942838e+01 2.961546681639725520e+01
3.925509938098503682e+01 2.949737598660204441e+01 4.039554818410025661e+01
1.997186699308547730e+01 3.901573984182958554e+01 2.288975638520619071e+01
4.731241443500965005e+01 7.167356744471404362e+00 3.587875433103630485e+01
3.464775513999505563e+01 1.438833499122595327e+01 2.680434497902923496e+01
1.339379573040618077e+01 4.540205038188783249e+01 2.384238628280822780e+01
1.012520835335379665e+01 3.170274691685017743e+01 2.654381243280941050e+01
3.380168366635786725e+01 2.282030082861115616e+01 2.027245547595488517e+01
1.692408740842535053e+01 3.298424419037135635e+01 3.855890302625245880e+01
3.511268436061764220e+01 2.354274772126213833e+01 4.265230949377705372e+01
9.768725659060397248e+00 3.161768911755021705e+01 3.571056531725494665e+01
4.006029803855973626e+01 3.342407688659882581e+01 2.595393693723161732e+01
5.246918701368736748e+01 1.943743560584789520e+01 2.939708802730284631e+01
4.904341110474786802e+01 1.970871581868897593e+01 4.108717470642432090e+01
2.530233390907844182e+01 1.518003509363927606e+01 4.271674812620567252e+01
2.797876915933442277e+01 3.764490482801785021e+01 3.252356968099630308e+01
2.262879127392943701e+01 4.510696943228644784e+01 3.796876381024719649e+01
2.057480179557894928e+01 4.904193450254140174e+01 2.489664611486991674e+01
2.284432522842337221e+01 1.014440492207543443e+01 3.688363298620123487e+01
4.570727256111885595e+01 2.198048171323679156e+01 2.136669653092846488e+01
5.247319060711772920e+01 1.265356920699986532e+01 2.616052434713498798e+01
3.898386643356137427e+01 1.632424209853975228e+01 4.052436513407121055e+01
4.414455209114441914e+01 1.407959198865258799e+01 2.320018325899568978e+01
2.887322855194286220e+01 9.959581991937826118e+00 3.465290066897692611e+01
2.933488041948668723e+01 3.545124815852363298e+01 2.504247591324634570e+01
5.078522247626386132e+01 1.018413632299089500e+01 4.015064419899686499e+01
1.935945424689989380e+01 2.362799227879343178e+01 3.195408912303366122e+01
5.260768891834646865e+01 2.970027261458557177e+01 3.278923766172901111e+01
1.350257431885853521e+01 5.079169781574685061e+01 3.082951720537899476e+01
2.651674230156053014e+01 4.368501152682573974e+01 3.360319503410681108e+01
2.457773160727381168e+01 3.150621088676582815e+01 3.812475623818336601e+01
7.818332517308242302e+00 3.966717573820871223e+01 3.592525046081468076e+01
4.696257449666077832e+01 2.551040375394909887e+01 4.132130849056060384e+01
6.982220040059065269e+00 3.771505284854824680e+01 2.558306596022995194e+01
2.284426991045067368e+01 1.851048047249224382e+01 3.061242637004361100e+01
2.582593051399594231e+01 1.043705636477558940e+01 2.104641989897391596e+01
2.009208126596756117e+01 2.747051922202977892e+01 2.768388666156285183e+01
3.260325925647504164e+01 2.923047310383861230e+01 4.132988569889579367e+01
4.846979225108469080e+01 3.088298555639026333e+01 2.490412808618646778e+01
2.385699785718842847e+01 2.158104292744824448e+01 4.153111099472344847e+01
3.315324566319736732e+01 1.726239281115578450e+01 2.168973115002101792e+01
1.757372758290648562e+01 3.926671372113221992e+01 4.056375814225267362e+01
1.500323659217377781e+01 3.281018806297456791e+01 2.397812654265432641e+01
3.902282397868070518e+01 2.463497634650268253e+01 2.074755620286783397e+01
4.054727173055130152e+01 1.346301530283247949e+01 2.828495524163667696e+01
2.580490835851722764e+01 9.802143803954679768e+00 2.859601025439095423e+01
4.526631973027579647e+01 3.328014527549320434e+01 3.629188205883811236e+01
9.715261010983063272e+00 4.258024236245451277e+01 2.651326721831736677e+01
3.236426712991310950e+01 1.485151159996628323e+01 3.692284622366128133e+01
2.690221358953839825e+01 3.075425769586130897e+01 2.273173664407254435e+01
3.540318152979301658e+01 3.628117183756687325e+01 3.497362584236645944e+01
5.007508749483166355e+01 8.697933165316918291e+00 2.858594228793772984e+01
2.387526455313485485e+01 4.634510617813705835e+01 2.805828991785610782e+01
4.441045166108387576e+01 1.210173966982991089e+01 3.521843284755017578e+01
2.170892875146183343e+01 4.381850371822969947e+01 2.368182801107632685e+01
1.885184218690219993e+01 4.432112250610879300e+01 4.165916597992428194e+01
1.580717278859736652e+01 4.831772012870489164e+01 3.955760926895966634e+01
5.174506092198244289e+01 1.514736142041579292e+01 3.956063334165682477e+01
5.422805918042665496e+01 2.428376927656636042e+01 3.148417690141845782e+01
2.410920887007010194e+01 2.010376118370623288e+01 2.101772666442737503e+01
2.279827276574246397e+01 2.641763811202987000e+01 2.333114347931464394e+01
3.102462867891064846e+01 1.163434354591329445e+01 2.285356546954939105e+01
3.452903185385099505e+01 3.453734298417367654e+01 2.484615973225853480e+01
3.347705154987598775e+01 1.374001392175716418e+01 3.215657470676781315e+01
4.849463029480939014e+01 2.665317452408969245e+01 2.238954010020140473e+01
1.175389059623043764e+01 4.750167949604513495e+01 3.608154971185960846e+01
1.827890196270140777e+01 5.163182023412464616e+01 3.099420208800165000e+01
2.496579616608322993e+01 3.687904021487263151e+01 2.647599494788751073e+01
2.209767641494562085e+01 1.740536001234286445e+01 2.480829000972963527e+01
3.058370139649564123e+01 1.219902233425656490e+01 4.109929462431772151e+01
4.905699157982676439e+01 1.318926864101559993e+01 2.161815855371641604e+01
2.833732844364922698e+01 2.156518648499272928e+01 4.266402323318497025e+01
4.463548808143380597e+01 1.007754576553373660e+01 2.751425881849812782e+01
3.042575025599295557e+01 1.159939718188871183e+01 2.739145101861864973e+01
2.593384981017847934e+01 4.056391483299456269e+01 3.680449540333300007e+01
8.117117626430346178e+00 4.056770461984581289e+01 3.021794465503069560e+01
1.190117539240186595e+01 3.267756091492283588e+01 3.983491790093650309e+01
5.033514495594440064e+01 1.552935998303380671e+01 2.991792232372691984e+01
1.614054480436362127e+01 4.882900374831665147e+01 2.311241265334962947e+01
5.217188622054616332e+01 1.829568354136864627e+01 3.372666027610825523e+01
4.109529543240405047e+01 3.258411276602591755e+01 3.763661390886271363e+01
2.615285530164716477e+01 7.031475892281575213e+00 3.717566747166149099e+01
1.350504212639782153e+01 4.103375317434203851e+01 2.271990462032353264e+01
2.048716249706506787e+01 4.931379470749430993e+01 3.647139548384465968e+01
3.118287411737787806e+01 2.637406891003755049e+01 2.045311997496736467e+01
1.869453045917319756e+01 3.247335745742169166e+01 2.631578973753961037e+01
2.632866892880899812e+01 3.608991412767180407e+01 3.627296696543652388e+01
2.075046740673528234e+01 3.163186587750965728e+01 3.602009435405442872e+01
2.206276196377687882e+01 1.363146560564385723e+01 3.937174820527316399e+01
2.067859006832131286e+01 2.258331604936189763e+01 3.614886914437299481e+01
5.061948215948137175e+01 2.344245263355826836e+01 3.957141720226604065e+01
2.880835736494954347e+01 3.111217129395792824e+01 4.045102544067682260e+01
3.630237459118834664e+01 2.804299487445152295e+01 2.138999444171269815e+01
2.524739508561551560e+01 1.240816387388750819e+01 3.410902221166223569e+01
2.416083762837246240e+01 1.429534850313980243e+01 2.853568905504064190e+01
2.333719624469148357e+01 1.528633656177327893e+01 2.128816453720818913e+01
3.603885517084850676e+01 3.203463997754631976e+01 3.915087282993923878e+01
3.816889721295413551e+01 2.052643154669310732e+01 4.226525804147220811e+01
2.391361849098489500e+01 1.030760019478312906e+01 4.135244027389251897e+01
4.468047907539769170e+01 3.419051781569223181e+01 2.824062996415273119e+01
1.432026944726231577e+01 3.070661673801090075e+01 3.571759127352250118e+01
4.906947929979100564e+01 3.274270078389342586e+01 3.455356177536524598e+01
4.789902521509331734e+01 1.076647299025806603e+01 3.326815712958462257e+01
1.334232606121342180e+01 4.964968280243917320e+01 2.678198114641914174e+01
4.575441215167846565e+01 1.709638658736732708e+01 4.146937335377631229e+01
9.990220116536942641e+00 4.334721997655444881e+01 3.582792772422383365e+01
2.419680914737571342e+01 2.763888757814714481e+01 4.026671322572411782e+01
7.365511653013236071e+00 3.465154636509989672e+01 3.798589540898633032e+01
5.256876084125686077e+01 2.737323614303140928e+01 3.624311710000396403e+01
5.127445399724982167e+01 8.438664139574139966e+00 3.585484288333853442e+01
3.714560850194038011e+01 1.598406655949894706e+01 2.326842258049405032e+01
1.895997374359194509e+01 2.884275736071288065e+01 3.333622145798133118e+01
4.639352851846941661e+01 8.552751835320322016e+00 3.963547222639942902e+01
8.260798080872747917e+00 3.252554131454135700e+01 3.200381673791546433e+01
3.695349711197003728e+01 1.267719243633133885e+01 3.010275172033893654e+01
4.044453113275921652e+01 2.588211203741290944e+01 4.191583306417945209e+01
1.103867322575434073e+01 4.634567831166587837e+01 2.750978734425768124e+01
1.720774502660717076e+01 4.416165526434835442e+01 2.313366909752560474e+01
1.511096933045450186e+01 3.579834193720461144e+01 4.087776518554801441e+01
1.143248977960272050e+01 4.012899315213427798e+01 4.011458000151434078e+01
3.811092648551641560e+01 3.550461690991796360e+01 2.982655653164314913e+01
1.855323886231172281e+01 4.982694020082571740e+01 2.007357393478025287e+01
4.564216089679884192e+01 2.912810712102113087e+01 4.024583698997629710e+01
5.104201596186067036e+01 3.094095177569090183e+01 2.792385123263929003e+01
3.113352330433925275e+01 3.724617227335225778e+01 3.489152823348015175e+01
5.149267086049269437e+01 2.363487631106707454e+01 2.436881111831583269e+01
1.187240062876382751e+01 3.060425328704403114e+01 3.024457778730821644e+01
3.915915198173315304e+01 3.069505266842565305e+01 2.325324780317056650e+01
4.661774722095945123e+01 1.662557859321714204e+01 2.152438099610697009e+01
1.537685944879184774e+01 3.091895198231819109e+01 2.770684339043938849e+01
2.404439002954259763e+01 1.669037547879263883e+01 3.416257147945154315e+01
2.986871685984637281e+01 2.242253867764359399e+01 2.026412718289465786e+01
2.329481324447707991e+01 9.122334250831009683e+00 2.372709550006814538e+01
3.101696216461322564e+01 2.437146719248964999e+01 4.277575856218324191e+01
1.878502795563041872e+01 3.527642088556277855e+01 2.365011841609485899e+01
1.951486960536533388e+01 5.187870224093443028e+01 2.735399471864163701e+01
5.123812794365171897e+01 1.048589064071825838e+01 2.323822163871913205e+01
9.180732762888416332e+00 3.445612642462066333e+01 2.306139633878298056e+01
3.709351447439046723e+01 2.095144841819724135e+01 2.063574112916930758e+01
4.586413847662058174e+01 3.448074441878414120e+01 3.273544753002978780e+01
3.008930021289859980e+01 3.740678643404099546e+01 2.848904897500829847e+01
4.389080985945625457e+01 3.142469996143584154e+01 2.409012651644567882e+01
5.231802718232169269e+01 1.760605664805784087e+01 2.615116631844948003e+01
3.139939119467239692e+01 1.120667309959984870e+01 3.764629603647286160e+01
4.165936899677107164e+01 1.436144380907976625e+01 3.607464174290895187e+01
3.782066749134336447e+01 3.413770479617483034e+01 3.674305312077223107e+01
4.602363018542935436e+01 1.102411361498665698e+01 2.250820863709852304e+01
2.964853169286502066e+01 7.669091737814854426e+00 3.799317004914838236e+01
3.567021772039987582e+01 1.769228122233356260e+01 4.183737103155547743e+01
4.918538666039484042e+01 2.154179972749935601e+01 2.224262769467244638e+01
3.304693076304499755e+01 2.059356006971100328e+01 4.263281892542950402e+01
4.805380581578007337e+01 1.431321721503622157e+01 3.273150655666794506e+01
1.668171047253137118e+01 4.803373194402998791e+01 4.309661186671338839e+01
4.887877039791579392e+01 1.179753875485021553e+01 2.984370516476688096e+01
2.624569550509387739e+01 4.471387753079371663e+01 3.021710663635888849e+01
4.827278617761413670e+01 1.233175274469167171e+01 4.140687530235790348e+01
2.734160826481193141e+01 1.191781971626781989e+01 4.246235714658694604e+01
2.313711278765696733e+01 4.001799890885007471e+01 2.404253416929867981e+01
1.916521752420424818e+01 5.386484780560133601e+01 3.586275960976674071e+01
2.196108373983963702e+01 3.577434008160206247e+01 2.504012289015645365e+01
2.746396437561784865e+01 4.152395774332881473e+01 3.103105451445212282e+01
3.010075599873590591e+01 1.489920080089880727e+01 3.416240938614473066e+01
2.432454509216242400e+01 4.628936383637399388e+01 3.434228019786675645e+01
3.996198464458763056e+01 1.514578628841908170e+01 2.511639673302548204e+01
4.310461692862441652e+01 1.973863385671099024e+01 2.127083792113306515e+01
2.176426818537834862e+01 4.047696445740862714e+01 3.949014261407847926e+01
1.978493450692440092e+01 2.400295240665610663e+01 2.833658941786814367e+01
4.244515132966154169e+01 1.662782362978219197e+01 4.085925437007270489e+01
4.353923248549914149e+01 1.358751717927725977e+01 2.669549485148264978e+01
2.603808472932905005e+01 3.356117500205191817e+01 2.497528510769016918e+01
1.381538610861952421e+01 5.062503117053050516e+01 3.438802632768121725e+01
2.020877607010082855e+01 3.429983251117306509e+01 3.800722893908562128e+01
3.193253055504100146e+01 1.423355098016953946e+01 2.477668494396530718e+01
5.316524285118435245e+01 2.245023475923169798e+01 2.810288795426314934e+01
4.371526663725271078e+01 2.648517453879841099e+01 4.153183785279219364e+01
2.832342754852980704e+01 1.330417487350209882e+01 2.057243637813021309e+01
4.396921108533796030e+01 1.421616087475410239e+01 3.238403772353063914e+01
3.698830469635402096e+01 1.406282715833120989e+01 3.713313879286048547e+01
2.961190376286358372e+01 3.262340134209559039e+01 2.312797090263374145e+01
4.300577692105367333e+01 2.385615136369247580e+01 2.107022270489297711e+01
1.492699480089435937e+01 3.662968679675469730e+01 2.196628828854771598e+01
4.529108814950338058e+01 2.128840231937657990e+01 4.167565798755629913e+01
2.594733057034636303e+01 7.278558919105520886e+00 2.603956381535141062e+01
4.709490686233020540e+01 7.416064485141573570e+00 2.722767607397026524e+01
2.906956573466387539e+01 1.616637002436555193e+01 4.242423090026943555e+01
1.798369547798477441e+01 5.081662911915496039e+01 3.787936050926629861e+01
6.798937868723847089e+00 3.477498699649022029e+01 3.479676999998621767e+01
3.695351815421514630e+01 2.614653872419121683e+01 4.209340579865621379e+01
4.010759596759152146e+01 2.801088986784416335e+01 2.166957176989913236e+01
4.981989154143692389e+01 2.741568745324043732e+01 3.950817775754855177e+01
5.353639070647049891e+01 2.812477195643363359e+01 2.942180478128237908e+01
5.180962790585544298e+01 1.411120898955599401e+01 2.337729268133465865e+01
6.775641263005983461e+00 3.519171409314614607e+01 2.755798443468810532e+01
2.079707283237427617e+01 4.654276547630279026e+01 4.423803740323290867e+01
2.653919705314537225e+01 1.890988145743230930e+01 4.276521813832621177e+01
1.649592675275764364e+01 3.995352906030475992e+01 2.241792822832569243e+01
2.354221116645135936e+01 3.463173703024859407e+01 3.682343227035080702e+01
8.994445319701618757e+00 3.901657279033566539e+01 2.348109264442302191e+01
5.211844703513634158e+01 9.525234396177141960e+00 2.631009527320092545e+01
3.574610977118853583e+01 3.193844231599280548e+01 2.355297017030817841e+01
2.139719181527645020e+01 4.763445669065701793e+01 3.936311174243012090e+01
5.085949825184432171e+01 3.200145457804196525e+01 3.137442648831133241e+01
5.148503410672064717e+01 2.004656388354509744e+01 3.916965602079228859e+01
4.922936111078257682e+01 7.507049214811646998e+00 3.886440764660316916e+01
3.666264151763256507e+01 3.534184614240543709e+01 2.695015791595605492e+01
2.279474298668413823e+01 2.917120560286340591e+01 2.473279838571005484e+01
4.949319506522479628e+01 1.630541334899664463e+01 4.132301443549543762e+01
2.220860969111267025e+01 1.930674858352824685e+01 2.755074135135050994e+01
3.219984103212183157e+01 3.744361491958359522e+01 3.166355258451956445e+01
2.401475480893431680e+01 2.406025044453330253e+01 2.181817038814912735e+01
1.143471942196844182e+01 4.785777687421256843e+01 3.013262013475304002e+01
2.235357981930657800e+01 4.879262083707136100e+01 2.905230990630311894e+01
1.569106012405550565e+01 5.137371226394834167e+01 2.879677263143241106e+01
1.782491955339663647e+01 5.275220060725810356e+01 2.470704617953360227e+01
5.223067792931568931e+01 1.234593942558971413e+01 3.848344017449625909e+01
2.894819387147986234e+01 3.522508089180490032e+01 3.791912873523157401e+01
1.138609198882321039e+01 4.520232897952816131e+01 3.800137052236702573e+01
4.590524213400023257e+01 2.544977759363742820e+01 2.142777880023270853e+01
3.144645757325105606e+01 1.469621916609910706e+01 2.771304812849938060e+01
4.058454599577663657e+01 2.207343483944103824e+01 2.094144019768622655e+01
3.441613977270884561e+01 1.590883271816804090e+01 3.978075045393183728e+01
2.581489117082136175e+01 2.380304079038420184e+01 4.198171861171854147e+01
1.280638148528556464e+01 3.411377285735058962e+01 2.242087702309107300e+01
4.301924153625748204e+01 3.040052840134086409e+01 3.957397160089710297e+01
2.324053565184345516e+01 1.233344545744697029e+01 2.174820411389185892e+01
4.638796125947256854e+01 2.971142946319230660e+01 2.310908265343140755e+01
4.142462568245327503e+01 1.312780780906868827e+01 3.125771746814072927e+01
4.411909285253086921e+01 1.005371384794403511e+01 3.737104842111649816e+01
5.233021055987900638e+01 1.807586600132909638e+01 3.669825874082656014e+01
3.561348282722966019e+01 2.962215306622536559e+01 4.083323301658096227e+01
2.852065215742072368e+01 1.977911304852882068e+01 2.023739220124385696e+01
2.203852241180315019e+01 2.164233452196393870e+01 3.918880130999257005e+01
4.407597338301279422e+01 1.097255186422193418e+01 2.474268097233316510e+01
2.875111576068565711e+01 8.611787575131845784e+00 2.767448517713043188e+01
1.746517769472277237e+01 4.236840673907867227e+01 3.993491439162576739e+01
1.965483388275008636e+01 2.607975459216224934e+01 3.448218158474465866e+01
2.059475447550461524e+01 2.101781653207496703e+01 3.142154469590751376e+01
4.969572890277244426e+01 7.391051690180791667e+00 2.552310886154512559e+01
2.356311103776262073e+01 9.371706722993749850e+00 2.675034304864966117e+01
2.831378201351990143e+01 1.313707212885696407e+01 2.871791091574831611e+01
2.459994715588235437e+01 4.286974337311862371e+01 2.563777699948483146e+01
1.074060421725430992e+01 4.134301015027559600e+01 2.370954607374495637e+01
1.197285817747231107e+01 3.054779934073519598e+01 3.315693367564017535e+01
1.534537458167497270e+01 5.002175504468621625e+01 3.693614238018556506e+01
2.314973922886509428e+01 1.876925530090955263e+01 4.129979963018089251e+01
1.957030644719166901e+01 3.026129621913275258e+01 2.830542357501746764e+01
1.950618356451603574e+01 3.717183662134309685e+01 3.999878654941286271e+01
3.499460835679190041e+01 3.489805057239215813e+01 3.749317827465160491e+01
2.261396847183845438e+01 2.941565258341811528e+01 3.776646838899883107e+01
2.500858477522978873e+01 1.670958056485202192e+01 2.987358594782960708e+01
3.788873881216398587e+01 3.554468160374575803e+01 3.311332712819967128e+01
5.145999931481917855e+01 2.997820973550415147e+01 3.541862157469054750e+01
4.294231272947081379e+01 3.479500385583493482e+01 3.110619108921840947e+01
1.876583239072984099e+01 4.175640111255814446e+01 2.304185937890431290e+01
9.268213975196822219e+00 3.179255558917483171e+01 2.943069123967053713e+01
4.305424701590951742e+01 3.421441281874906792e+01 3.475987860995120826e+01
1.991381510365440022e+01 5.089864233881240807e+01 3.419156147029522685e+01
2.555713440368114675e+01 3.958218352723604738e+01 2.589548954153327998e+01
3.181108992029663085e+01 1.431247342233739239e+01 3.967926507373418588e+01
2.666973381406121035e+01 1.480521437529616335e+01 3.365673700850413042e+01
2.394477968109093879e+01 4.191954870815921907e+01 3.827211425239246267e+01
2.700512081040007928e+01 3.965772563283158547e+01 3.436616263816999606e+01
5.092657535413349024e+01 1.071592456526259163e+01 3.405266145566682212e+01
1.879916723030815007e+01 2.680431954662978455e+01 3.143413091021456651e+01
2.909695349092304184e+01 2.814437503987782918e+01 2.101195560227567327e+01
3.153900817360084119e+01 3.230526776271116773e+01 3.989058394718590250e+01
2.241405052776325846e+01 2.572313739714626024e+01 3.931317531384453901e+01
4.189937512479131243e+01 3.419336575566131131e+01 2.789689275009343916e+01
3.602662535877980332e+01 2.446985654836035451e+01 2.049605144356048214e+01
4.693296942454535525e+01 3.161655658274115410e+01 3.774647719011733216e+01
1.192562469625178068e+01 3.108361362213229384e+01 3.731902181651189210e+01
2.266070975492782225e+01 2.170793001029775127e+01 2.270122973611672634e+01
1.490628837004530993e+01 3.985387095409983260e+01 4.067506268925760082e+01
2.197658289668509823e+01 4.650487959008979999e+01 2.408990530720195622e+01
1.583733747210956899e+01 4.567018621583763149e+01 4.016266509250282013e+01
9.497632159234075999e+00 4.289779405594143213e+01 3.035347326847012539e+01
8.375007012807909490e+00 3.824455573022846977e+01 3.929168044548708139e+01
1.773202124585115058e+01 5.382884806074319783e+01 3.815302684103456698e+01
3.835397827019508554e+01 1.369106754427356876e+01 2.674515797170488085e+01
3.086318448967310601e+01 1.586689611095811969e+01 2.151998613378595948e+01
1.789786049088295883e+01 3.109168280531635986e+01 3.434908112573170769e+01
2.164629770889698079e+01 4.635977564998653833e+01 2.014828420668203179e+01
3.538773410726152235e+01 3.663176335943587958e+01 3.121058665231389284e+01
2.331704385618390063e+01 8.782906361356873859e+00 3.913977756432676358e+01
2.338343771784154157e+01 1.344417661047632073e+01 4.168539916144978719e+01
2.725614232822388772e+01 3.920931633484455148e+01 2.971909937885627784e+01
3.346399329448364313e+01 2.018065607425403485e+01 2.046185801075468191e+01
4.004607574113036605e+01 1.505081832638029837e+01 3.805107614663204885e+01
1.604395426378890832e+01 5.150247744841977493e+01 3.328207465484594252e+01
2.780000975416929521e+01 3.314769072503526104e+01 3.902369756282439539e+01
4.612636485996954150e+01 3.300190921058876370e+01 2.641337553535174010e+01
5.244468390563065441e+01 2.017954058345416257e+01 2.653633257978118820e+01
3.041159045070804368e+01 9.235836996818335365e+00 3.992762226055099717e+01
1.120338175946978154e+01 4.375469458254939070e+01 2.457422185767982015e+01
4.407423517895139753e+01 1.653818929574775964e+01 2.205300614832659534e+01
2.076462816860794192e+01 5.087827591371065239e+01 3.101014564444892585e+01
3.765419904634884318e+01 3.323102326534929318e+01 2.502001518697871774e+01
2.918561227575352746e+01 2.839385435112086142e+01 4.172094495827079186e+01
1.776103840398033995e+01 4.953879341145074733e+01 4.072183662494009582e+01
3.365828134600459975e+01 2.704597173642541819e+01 2.071967016365780978e+01
4.900160013844599405e+01 3.243719268200313621e+01 2.743276016771091719e+01
2.398408807240114271e+01 1.155059350966159570e+01 2.814255362296949059e+01
2.575039485586607313e+01 1.824538761664137354e+01 2.029165028625659417e+01
4.117492983531631978e+01 1.971973891639370891e+01 4.187921588640320181e+01
2.107949504979190181e+01 2.078522403837320809e+01 3.437236253193094626e+01
1.203647222945845918e+01 4.707375219155271395e+01 2.527317327852175310e+01
1.839081831852745097e+01 4.998623097611863386e+01 2.278214673494849762e+01
1.321820778308247668e+01 4.769231201508316076e+01 3.815783366147589817e+01
2.086126108265737855e+01 2.122946079119142482e+01 2.854648574832082986e+01
4.822654574142097772e+01 1.859223359462406222e+01 2.152529516380160501e+01
1.261035250369737248e+01 3.548313870666894587e+01 4.119916819752790360e+01
3.166511620509070468e+01 3.683939641122819353e+01 2.658223297571035104e+01
1.563550650498370054e+01 5.185620996228393409e+01 2.631456461292679805e+01
2.129149250738637988e+01 2.562233228831138021e+01 2.520026644159010942e+01
5.227240876217685184e+01 2.519227850779418532e+01 3.748755354112135763e+01
5.153312817064039564e+01 2.622711345622554191e+01 2.460520349806657237e+01
4.032564429030792752e+01 1.303400609185645465e+01 3.376097220328365012e+01
1.687365538107341933e+01 4.800766214576602664e+01 1.961545818978700240e+01
2.670222489827597911e+01 8.688039538597340794e+00 3.469885490563810748e+01
9.022783821687671235e+00 3.431507144138977594e+01 3.992063516783328936e+01
1.066971107537736430e+01 4.280727802872041821e+01 3.821412668402328450e+01
5.233081445450719116e+01 1.053365950205670742e+01 3.673124420981326210e+01
4.660462881455410411e+01 1.361834753393740272e+01 2.175005738126776933e+01
1.063843042542359285e+01 3.237573789172342487e+01 2.421177565684559951e+01
3.358938710897077584e+01 2.549792785840994469e+01 4.255269159496330644e+01
5.377069908604129722e+01 2.470366215988540759e+01 2.908810426399218940e+01
5.384961715592864806e+01 2.494166951423435563e+01 3.383672182511212156e+01
5.445440481552734724e+01 2.759872231236527185e+01 3.165390709213432530e+01
4.227872016561379098e+01 2.621087293517993189e+01 2.123035631833817050e+01
2.474222983043398472e+01 3.838319147846031854e+01 3.752031118748575267e+01
2.589919423540709431e+01 2.174937950186828317e+01 2.059221595788975634e+01
2.806296440550640625e+01 1.224648478648073890e+01 3.419904374259282775e+01
3.590246447788164375e+01 1.282381734551367636e+01 3.269392473421527257e+01
5.233236711767188609e+01 1.526045168637469374e+01 2.690706361762421039e+01
5.141876861341014404e+01 1.820045237688443507e+01 3.138629660368741980e+01
7.300203074908359291e+00 3.543704741845238004e+01 2.472493963445305099e+01
2.538535523683087902e+01 8.049896932019713347e+00 2.302834158556783350e+01
3.170782250638720967e+01 3.505706768014708530e+01 2.460252665524127380e+01
3.050887937723845766e+01 9.315121235516134135e+00 3.637805300379577744e+01
8.192573693478482966e+00 3.983813281955684715e+01 2.563909693218409203e+01
1.184742855572817177e+01 4.882456113572824563e+01 3.231795299570212876e+01
4.155288005100985060e+01 3.084693759474702901e+01 2.355088986894947212e+01
1.770262269311654890e+01 5.275190965479241356e+01 2.868877908919824549e+01
4.065921964146092904e+01 3.482203489131234164e+01 3.033048404763027150e+01
2.173493552687669705e+01 4.727263576126662770e+01 3.677046676944918602e+01
9.508471788167472738e+00 4.279601716884963736e+01 3.353328493045177794e+01
2.587983160070216826e+01 2.934791802458786592e+01 4.043081213875248636e+01
5.048529225773138762e+01 2.986471009353662964e+01 2.572378126679505073e+01
3.448205723422587710e+01 3.634408374411565745e+01 2.689972083189282159e+01
1.753918891429141880e+01 3.779311066456028101e+01 2.239621710615331907e+01
3.057060907327574029e+01 9.103113100755047427e+00 2.620143586026741644e+01
6.598625464451301603e+00 3.787000270414199576e+01 3.492357966023212157e+01
7.025077595210047932e+00 3.410190296987898506e+01 2.967076548308402550e+01
4.861881211974361605e+01 2.384866704243143687e+01 4.087800725792767764e+01
2.172022924209278472e+01 2.037802921870989081e+01 3.719384158118906925e+01
3.063047490804219208e+01 2.093672937153691294e+01 4.272221464963850934e+01
2.473975216775902908e+01 3.143211910659147179e+01 2.456404275102899959e+01
1.300927091114595413e+01 3.073560334958949625e+01 2.761043184343799339e+01
2.193093161457822760e+01 1.942638813816893517e+01 3.260193327997054524e+01
4.642686632819128789e+01 1.098031373597162563e+01 4.082055593585020148e+01
5.246261426659282279e+01 1.416052227222181870e+01 3.692755325551024015e+01
8.345664096476360427e+00 3.669553070825308083e+01 2.302953530423666706e+01
3.944780321048886407e+01 2.378140219729314353e+01 4.226318070041487118e+01
3.342929330342730054e+01 1.594113386025416013e+01 2.360915763092909003e+01
2.157662563599201633e+01 4.802744980104960604e+01 2.675209162432298626e+01
1.851489360379007465e+01 3.211002045095234791e+01 3.648369673929401102e+01
6.570218039783112474e+00 3.767549217287960062e+01 2.787641684119011387e+01
2.918015420802058557e+01 1.129745934868682511e+01 2.138097779515165442e+01
3.536660639535230644e+01 2.069690977762139283e+01 4.252506271735755661e+01
1.542193425202387047e+01 4.662068717470689450e+01 2.313782772453941305e+01
1.837612373078730599e+01 5.059621373777331854e+01 2.536812452135041340e+01
2.211332442164775713e+01 2.372803886049961974e+01 2.368864867846225053e+01
7.840867975702720649e+00 3.345497091116676813e+01 2.646806453476024501e+01
3.040505730123035022e+01 3.069610227931038793e+01 2.213742759876189581e+01
1.507511241356342069e+01 4.920229100825334001e+01 2.512455418557786757e+01
1.864316646614536666e+01 4.559501544273973650e+01 4.356902530042282251e+01
1.317081762688165547e+01 4.929928547647338632e+01 3.634744344190663412e+01
5.190273073363427869e+01 1.905006373662276786e+01 2.440493129980253073e+01
4.894768766705195873e+01 1.548634231690401819e+01 2.154780841993589036e+01
2.114705962998199240e+01 4.269232475906692770e+01 3.946751760233559736e+01
8.297012875580945135e+00 4.060214570245324239e+01 2.780337248690247520e+01
2.294093212015179972e+01 2.371578004986883315e+01 4.029328512376847726e+01
4.753312783753234783e+01 2.331373169644299281e+01 2.173575907585496481e+01
4.799887336436589180e+01 2.876153699072146708e+01 3.984234843740878773e+01
2.191373282148069990e+01 1.989659218617098446e+01 2.511248510472838191e+01
9.695040988467537701e+00 4.076694283434287769e+01 3.851478445292934083e+01
5.104488594529033207e+01 1.208788552482787537e+01 2.920156321923477094e+01
4.438212665967712667e+01 1.541213690367137801e+01 4.072167366803778066e+01
6.678790259444902233e+00 3.829443383337502382e+01 3.221093653602365947e+01
4.601084194430020347e+01 2.344060975414114267e+01 4.163042828800756467e+01
2.691747675773781978e+01 2.838382997610926139e+01 2.159498707624116776e+01
4.524129936112348105e+01 1.901371229662157347e+01 2.143997619464527915e+01
1.441081236575952396e+01 3.882430463614280569e+01 2.210150478769435978e+01
2.420812682382367598e+01 2.865272339597632367e+01 2.305461347507944936e+01
2.614496743371704568e+01 1.267965073797666875e+01 2.906196312032142259e+01
3.277090422588153018e+01 3.658430371480861254e+01 3.625239514565437560e+01
4.594330537266939274e+01 1.492180049902945171e+01 3.165005294048091855e+01
2.323780919147731439e+01 1.761064280049704678e+01 2.853770481057782149e+01
1.895228717979858146e+01 4.442201648334371100e+01 2.181049174006077607e+01
2.657194944671821801e+01 7.385769156832514781e+00 3.954061125803043097e+01
2.094962586053559406e+01 4.094716663697159476e+01 2.329289264977577290e+01
1.109120545647643752e+01 4.679296090957008403e+01 3.410540415477957765e+01
2.479339870939317692e+01 2.611892232645597289e+01 2.177811074393524038e+01
3.139707376962120478e+01 1.102223124670575238e+01 2.493352226724960019e+01
1.013278788092924287e+01 3.122507905332724221e+01 3.215941166958214126e+01
4.946550390966439181e+01 9.081739930340479106e+00 3.387336351389855338e+01
4.841902458219306027e+01 1.584482182475712264e+01 3.095053546634670738e+01
4.028903215326756992e+01 3.101456767896024047e+01 3.919333898340687483e+01
5.007997598247315807e+01 2.527449621698761462e+01 2.301653077357353538e+01
3.911222960775995716e+01 1.262503779609508214e+01 3.045187413856756109e+01
1.208864506838442132e+01 3.131757796731857724e+01 2.545219322627914593e+01
4.481172473026299485e+01 1.242448703095542584e+01 2.847506493308584652e+01
4.653164765804081071e+01 1.288902811123224801e+01 3.336975873047810381e+01
3.427367882425441081e+01 1.432059151905164995e+01 3.602077434480247575e+01
4.206798524057759892e+01 2.443601344462879865e+01 4.199965289227513665e+01
4.550420311483426872e+01 7.894279452540754249e+00 2.582245917080838638e+01
2.864734763042708110e+01 3.766489318859544966e+01 3.032992842454111226e+01
2.212253476486724679e+01 1.477708631851125176e+01 3.753409943584306063e+01
2.267553699347064722e+01 4.761135179547713392e+01 3.480563860281650790e+01
1.969050761938361660e+01 2.362833179382000282e+01 3.409110208661989105e+01
2.015330481106935778e+01 4.924315180919501245e+01 3.863555423095388619e+01
3.564092603574781748e+01 1.533868764604607726e+01 2.467067336627521001e+01
3.036202465407437856e+01 1.477848228310290679e+01 3.193876402483198973e+01
2.716884124456321103e+01 8.681042158242933127e+00 2.200736112244817377e+01
2.587883072331462131e+01 1.541645486125388409e+01 2.022533765041478304e+01
2.678538573205748108e+01 3.575782714288631325e+01 2.625575659919684313e+01
1.975606775548100202e+01 3.396986043958922608e+01 2.520593632634289349e+01
2.842592830789926950e+01 7.613774497321895041e+00 3.623436365440635853e+01
3.579253042034086718e+01 3.633518924762074676e+01 2.863626949693789214e+01
2.560842708701624915e+01 3.334666953136616030e+01 3.776853602947766575e+01
3.074208166974801060e+01 3.021089916166080513e+01 4.095587946574983818e+01
4.671632121120630643e+01 3.404703824199945217e+01 2.887112066427233970e+01
4.235591939798777616e+01 2.872319873153499259e+01 4.071183007471952919e+01
4.583979301853173638e+01 7.656749351022936523e+00 3.778434431772296165e+01
3.321494412521645501e+01 3.102762711962978059e+01 4.036652194912363001e+01
2.271689418852231412e+01 3.158840752913572203e+01 3.683424678401851793e+01
1.676499960068084505e+01 4.576111727981249544e+01 4.207528985910514763e+01
3.187480322642280584e+01 2.827436741920236329e+01 2.111113523565617101e+01
2.939118816950999857e+01 1.409215864753278069e+01 4.211317041937355299e+01
3.330611686743920075e+01 3.320325827910158978e+01 3.917057809382413325e+01
3.683551153360229335e+01 2.220590858971737447e+01 4.246408152688122328e+01
3.817802134161156857e+01 1.781810126566482566e+01 4.177056098385313021e+01
2.926418339227697629e+01 2.552034365579409325e+01 2.040350240467666154e+01
3.823251220942398731e+01 1.722612253107351421e+01 2.176503048311669630e+01
3.810367983120151081e+01 1.526960125943403312e+01 3.880190064603018385e+01
2.705355671976057153e+01 1.405204174143430684e+01 4.276264291876661616e+01
4.249425622858635165e+01 1.405401041797955841e+01 2.873225514962246763e+01
5.114910133803976322e+01 1.707528655549855046e+01 4.032163734343518513e+01
2.214737472442914168e+01 1.752691161378452023e+01 3.937177593234999051e+01
1.222317841841736552e+01 4.913679498008148983e+01 2.869126596928269635e+01
4.939289479031180718e+01 7.239833374892031159e+00 3.590772951793431389e+01
1.828315165101664874e+01 5.466697448122464209e+01 2.552163507325742131e+01
3.090628456750622632e+01 2.061903690762833818e+01 2.031301639977067097e+01
2.353339168219035571e+01 1.303892806268489757e+01 3.510252392082491468e+01
3.900079660033755147e+01 3.478868981392762549e+01 2.809593082126986019e+01
5.157389214626647345e+01 1.405903617100913827e+01 2.884139682551616346e+01
2.523824579584509564e+01 4.479090736257123240e+01 2.794635501349702977e+01
3.211372891577802591e+01 1.454487156333559916e+01 3.384619808459007118e+01
3.698991954652305481e+01 3.047297125622668190e+01 2.280410081061429395e+01
3.937198663011614030e+01 2.032497075124286212e+01 2.089155221036799759e+01
1.734021639449029095e+01 5.341228581127920449e+01 3.478776333035882828e+01
2.404268360985705399e+01 3.843626432961042383e+01 2.498977692969739905e+01
2.315366990841215511e+01 1.673635292948323183e+01 4.157695249439372276e+01
2.359068410866775167e+01 3.511776835441945366e+01 2.609552785456188673e+01
2.322243591530136086e+01 1.833588389668268448e+01 2.155377089035658145e+01
4.958017834406329172e+01 2.799107392697261432e+01 2.349682767562083541e+01
5.132167199123160373e+01 2.876277404110273395e+01 3.708288521923019232e+01
2.059724949797040239e+01 4.489926461874904362e+01 4.304177902350456719e+01
1.411439911437256001e+01 3.406741275557087079e+01 4.045809224727473463e+01
1.470720025913864326e+01 3.786380620785042339e+01 4.105826411047060276e+01
4.309200630368769680e+01 1.403984894083934165e+01 3.748545362072189846e+01
