5.054207743769175920e+01 2.450507998459522696e+01 2.337994979343607227e+01
3.133464137547299799e+01 1.430869651674827026e+01 2.732591343402058470e+01
1.675466486455741943e+01 3.688461418454162555e+01 2.230065780930056007e+01
2.861947177650022311e+01 3.690059850101535233e+01 3.574973115203039242e+01
2.682945762378369992e+01 2.361275317594766676e+01 4.232017816000924171e+01
9.814707424830798388e+00 3.969337037819637004e+01 3.953793490946092959e+01
1.666994439728003741e+01 3.309248495907070264e+01 3.880664800791149815e+01
4.096696447073350811e+01 3.444008110312768878e+01 3.424655672742575518e+01
2.586405868544433773e+01 2.812339362669353449e+01 2.190431966785252627e+01
5.174158290748106026e+01 2.307070700208743830e+01 2.465949917855425966e+01
4.879421083083164490e+01 8.321235563371283561e+00 2.870380666516262380e+01
2.369027846709131069e+01 2.670939715346393584e+01 2.263648027792283202e+01
3.998781086512436644e+01 3.184545461328009708e+01 2.432533453081909869e+01
1.005240262576561250e+01 3.654120925866068603e+01 4.094081380842544604e+01
5.277456938003211917e+01 2.044930124811920535e+01 3.460538003269241614e+01
2.509586446851855612e+01 7.982115833391985049e+00 4.017619253733463580e+01
4.556249611440123459e+01 2.985255630633418278e+01 3.978018720090321381e+01
2.817164964440562613e+01 9.506089811027710113e+00 2.168822217731161928e+01
3.636022846338044445e+01 3.571840836479203318e+01 2.745797973580202367e+01
1.713780885796153797e+01 3.190166537524443413e+01 3.682902797599508915e+01
2.307488440622001136e+01 4.854743626528056666e+01 2.972023713047281035e+01
4.933981637273147669e+01 7.987946788796898900e+00 2.378771863757832250e+01
3.151535684655702241e+01 1.323423852901549758e+01 3.712856390685254127e+01
3.172421357814966214e+01 1.469675955552279589e+01 2.770611219601055097e+01
4.464364124500990982e+01 1.123329310033160056e+01 3.500018726652222512e+01
1.575204113556060470e+01 4.802665277633864349e+01 2.178005926875151133e+01
4.025066333815864539e+01 1.607527717090906449e+01 2.324772528648153624e+01
2.111144018812607115e+01 2.254489036568531901e+01 3.729671011571380035e+01
4.545359429445176147e+01 3.403482527770176347e+01 3.463818301512740305e+01
1.109917791900033635e+01 3.348021875561369143e+01 4.033024658523066108e+01
3.611333938817746514e+01 2.765765286231092546e+01 2.122276906762245119e+01
3.977540192101363914e+01 1.726896715556841144e+01 4.133793813989261423e+01
2.641221825806896106e+01 2.131766285863435684e+01 2.047882049654434766e+01
5.014709570989591469e+01 1.368953355874213607e+01 2.189271604834767260e+01
2.677692168632184533e+01 4.363793289802946163e+01 3.036905109111893353e+01
2.749276739077973986e+01 2.350129962419281071e+01 4.245461250690252797e+01
4.088892916716759629e+01 2.167767372854907393e+01 2.100938030727001049e+01
2.134259908128156269e+01 2.136619655119068284e+01 2.656607689382139625e+01
4.969527189730087713e+01 2.698564444753268532e+01 2.309294986501446445e+01
2.535756844035959645e+01 3.823987292473270827e+01 3.684799933714382547e+01
3.587405559241862107e+01 3.112796294723797530e+01 2.303078611667032050e+01
2.667473391745572542e+01 3.772357021969217783e+01 2.787118619753447391e+01
5.237508408022786455e+01 2.617616500350547426e+01 3.721098789565404275e+01
2.328858167189655504e+01 1.620085520997559314e+01 4.174178750604683330e+01
3.464871676826431468e+01 3.083053951493806366e+01 4.023408692414038512e+01
2.232591487093386462e+01 3.250401547256807078e+01 3.658146777403581495e+01
4.524366570152407263e+01 1.711136723058071496e+01 2.168398211693641997e+01
2.961915772369675182e+01 1.502539851990939113e+01 3.333661081704490670e+01
2.555844384256182877e+01 2.872423081691611912e+01 2.228469575382757739e+01
1.462840181057239164e+01 4.398318383289964117e+01 2.338296346339553367e+01
2.887934907979817467e+01 2.155873232757581803e+01 2.030822783090491868e+01
2.114993144942850734e+01 4.718384912646126850e+01 1.892439952857677810e+01
2.081266014086338956e+01 2.569038072735986944e+01 3.697083733579265186e+01
1.894742946949467566e+01 4.910486301529363118e+01 1.851087955442648791e+01
4.508480914389519967e+01 1.944701561463289607e+01 4.160543248075678946e+01
5.188935784713592625e+01 1.650589754355571870e+01 3.429577647538702934e+01
1.101457558794517055e+01 4.657654978685157943e+01 3.426402551960005383e+01
4.759494952559002456e+01 1.015539661612931788e+01 2.229914518162662063e+01
1.478616149232324517e+01 4.744116601619352025e+01 3.896527674962028698e+01
3.639651713849509207e+01 1.371774107457579284e+01 2.700323483560243432e+01
3.006756876202407369e+01 2.653111460522009679e+01 4.245018883196451043e+01
2.243889365363546773e+01 2.641842705765436605e+01 2.377963079868508345e+01
4.985226824458845840e+01 3.263935897212773085e+01 3.318969559867790053e+01
2.636058982460636457e+01 3.837978298279121248e+01 2.750136176491194817e+01
3.634730814265701326e+01 2.660211909911599193e+01 2.089068759801668662e+01
2.106496283985599050e+01 3.757246549604716535e+01 2.359787326345287539e+01
8.241332081639011875e+00 3.887374195128872145e+01 3.850697598758846141e+01
4.998246908456076198e+01 2.841671918403713804e+01 3.884429188362910423e+01
2.575354023072236842e+01 2.978626691158077477e+01 4.011599647636320753e+01
4.879989090888183512e+01 7.976884992060337964e+00 3.971705853289844157e+01
4.825971132783136852e+01 7.043697688900293130e+00 2.602674145334136924e+01
1.873294954953433589e+01 4.990588743730953780e+01 3.782082461833995524e+01
1.584894475284390936e+01 5.152628965771927483e+01 3.499829912557392220e+01
2.432622233137968593e+01 1.713485193865835043e+01 2.940561186071393251e+01
5.257163350289246750e+01 2.490617250502946689e+01 2.601845317814278502e+01
1.759747903081635201e+01 5.157272052433069121e+01 3.297971400969193212e+01
2.506656715576826855e+01 4.454585240395777390e+01 2.746462290836564080e+01
4.661799079012176605e+01 3.429296881967793098e+01 3.279611443824621375e+01
2.756712885532268587e+01 1.887927124324102834e+01 2.021849093258516916e+01
4.302787938379533728e+01 2.596692782225294849e+01 2.122875779029848786e+01
1.387925895359613726e+01 3.058194970598170315e+01 2.825140493055014446e+01
8.784406568216610367e+00 4.146444096645733879e+01 3.328959121996353332e+01
1.406229417442462193e+01 3.259659215168041158e+01 2.382749461172770111e+01
2.050184817646745472e+01 3.178195062332685694e+01 3.602551023494176263e+01
1.640637383395139892e+01 4.861906302046344308e+01 4.116234852599570360e+01
3.509789552241498001e+01 3.267180862678235087e+01 3.904381994989629590e+01
3.162446658464141791e+01 1.357914859836821009e+01 2.350948363527489349e+01
9.113996806167985909e+00 4.207850324345328374e+01 3.194680941555925102e+01
2.512264839265719729e+01 4.192990475481759916e+01 2.558532657920284592e+01
4.615814711531896108e+01 8.839879222849138074e+00 3.446010145868797991e+01
3.521340061826284540e+01 2.022195926082078188e+01 4.251255013943979577e+01
5.120689818892293488e+01 2.144176391048964803e+01 3.921538999379684043e+01
3.316553097782851722e+01 1.419834746803517689e+01 3.420468869552050961e+01
4.284566488986544641e+01 3.453981422660294243e+01 3.361831140408266805e+01
4.413885094040876567e+01 1.251133326713096672e+01 2.386254116627392818e+01
3.823977060202872025e+01 2.429020294325691509e+01 2.066947056378555203e+01
3.090264229351366509e+01 1.138248059339153606e+01 3.616492537018739029e+01
3.621354326188940576e+01 1.272877870853834992e+01 3.164433907158126047e+01
2.541628926060830196e+01 4.122136670974750672e+01 3.728642769950901226e+01
3.823777172133045354e+01 2.773014482478815523e+01 2.143891047401512751e+01
4.446233087645018145e+01 3.135815173955199953e+01 2.410453201559730374e+01
4.044282216176504363e+01 3.489905405538306127e+01 3.171739845944253844e+01
1.198241897548541068e+01 4.595799017980205292e+01 3.830804218213163637e+01
2.005256864648873716e+01 4.911201627893127863e+01 4.336592180988800749e+01
2.910926472200522852e+01 2.811204138481358683e+01 2.099648991531199016e+01
1.845600132005437644e+01 4.965624835873452980e+01 4.001487745654931416e+01
4.355187957449484770e+01 1.311652841470790420e+01 3.664667301472540828e+01
2.528656471108920556e+01 2.988255618323450591e+01 2.306942366945261824e+01
1.864394117897866820e+01 3.354441674884506597e+01 3.820313277053416812e+01
3.534967223340809994e+01 3.551004284122178944e+01 2.621975300393515340e+01
5.174193515496662599e+01 1.404006808609182855e+01 3.971851625798315411e+01
4.089025762924085683e+01 2.412168077811561062e+01 2.090854222583553934e+01
2.938012310992373699e+01 1.446064546244510396e+01 2.084065193930921112e+01
2.249880982989870404e+01 1.120262756645746194e+01 2.349001664169793102e+01
8.511804171423065668e+00 3.254037586508734847e+01 2.797926695985233181e+01
2.350390066352165164e+01 4.254100242537066379e+01 2.457857065378297889e+01
2.451727569047290345e+01 1.259872305187714048e+01 2.075823949401612367e+01
5.400400566001434299e+01 2.653292899308263486e+01 2.890404239860055924e+01
4.172207555187475236e+01 2.893336992637816962e+01 2.222385888154873967e+01
3.290399599327355418e+01 2.610499818298528396e+01 4.246490887155482596e+01
2.282386470316743399e+01 1.204204760664678631e+01 2.682429669221268753e+01
2.749827068501561200e+01 3.691459076024336383e+01 3.541223103205049938e+01
2.930957417809646870e+01 7.846169212905158119e+00 3.952353051561249941e+01
6.549575689886701468e+00 3.550447991342765874e+01 3.429397051313889477e+01
5.020334121782576631e+01 3.069273771411529950e+01 2.625737742133636488e+01
2.170623266551358554e+01 2.105221497943356468e+01 3.806482720965578892e+01
3.443437363764029158e+01 1.526949174406431453e+01 2.531736003906252108e+01
5.373366109934403312e+01 2.286600044351776617e+01 3.257164526385572145e+01
3.891077258101902459e+01 1.775172490996477492e+01 2.151433305552370001e+01
4.299389021902619845e+01 1.381893134741492446e+01 3.038037222419928085e+01
2.696591623878281752e+01 3.849803840280533507e+01 2.905986976979348313e+01
2.394255083948040408e+01 4.828795929432384071e+01 3.094305111460253244e+01
4.911756497649660957e+01 1.506085700564494445e+01 2.158889897200158714e+01
2.600759431395723098e+01 3.924151662377252592e+01 3.649559213906750443e+01
4.924196316489445024e+01 9.597607178227912428e+00 4.060671504463307713e+01
3.911892124482567112e+01 3.523940637799587705e+01 3.102717669437983616e+01
2.534634061234822155e+01 1.694058080837067948e+01 2.030758533005880651e+01
4.565163269175474881e+01 1.323111793202818731e+01 2.219536807225571096e+01
5.223352909088247031e+01 1.870723036666722550e+01 3.747065870598372328e+01
3.309804658973746427e+01 1.394654869501252925e+01 3.064205870855335689e+01
5.332750184112885705e+01 2.217395228255944772e+01 2.898640341615606886e+01
1.307859560663105114e+01 5.041226998104465196e+01 2.998098865871540397e+01
1.765561752106326665e+01 4.458031584038083395e+01 2.260292375590224978e+01
2.350516654365141633e+01 1.394766083741831864e+01 2.122132426722789589e+01
5.150924482739021926e+01 2.780071790938043819e+01 2.529788850254350763e+01
5.439302229505136665e+01 2.485778219120064847e+01 3.241265219015599541e+01
5.142367282216942925e+01 1.333792777686474906e+01 4.015277518530189127e+01
2.637217865330855204e+01 2.272929485190849874e+01 2.062886710906178678e+01
1.608637559003453532e+01 3.064269807528085465e+01 3.187920866106505713e+01
5.275892805899116667e+01 2.316344358652087365e+01 2.657406274019018610e+01
2.743190889949899258e+01 1.987789775750922061e+01 2.026566038543860060e+01
2.262357723455298597e+01 4.596735147875045868e+01 2.579915348384270146e+01
4.197362401081100103e+01 3.175587906754572032e+01 2.433700411632803551e+01
2.285707913138983827e+01 3.798836485439603905e+01 3.869287091536219236e+01
1.528978435848571138e+01 4.280591892638862817e+01 3.988816206753252658e+01
4.403719092126283385e+01 1.022587742325153393e+01 3.704733790297051144e+01
2.115161325212131160e+01 2.089897260519291677e+01 3.496155787969879469e+01
2.508936270729888918e+01 7.502393552645018282e+00 3.683636784283442012e+01
1.926955074410786395e+01 4.438401404103356640e+01 4.211806558822115676e+01
6.448372690162067045e+00 3.759213999986060628e+01 2.957761550030826925e+01
3.024404536789917231e+01 2.747603219402900976e+01 4.214661431210124931e+01
1.796316853990996876e+01 5.458108304212693440e+01 3.549625210679651843e+01
3.187668530717357029e+01 3.146969876687509782e+01 4.031212118600508632e+01
1.306659937255575699e+01 3.530447543630418039e+01 4.113932728035380393e+01
1.299033931632933658e+01 4.641060303723798341e+01 2.415706029617145134e+01
2.252233213040715754e+01 1.012887541731615215e+01 3.810990198661618678e+01
5.367666095707811991e+01 2.394117489564780499e+01 2.918760826589174684e+01
2.725249061230178782e+01 4.064527997413895122e+01 2.903931673133651259e+01
4.106129549104432641e+01 3.021837070596727770e+01 3.976115132326417978e+01
2.172076463231700671e+01 4.698738960973815892e+01 4.099883397218284387e+01
7.485104355652840269e+00 3.519304768141237361e+01 3.865340825303606920e+01
4.528540499739717973e+01 1.804796985315859104e+01 4.147510980939755143e+01
3.996605767736258485e+01 2.680602800585392131e+01 2.122125014299066947e+01
3.182051073599385305e+01 1.452152886389450615e+01 2.595374599221633716e+01
3.719606188812444714e+01 3.259775042486521812e+01 2.436627260158607555e+01
5.139582496165204617e+01 1.740976375223158712e+01 4.000525184688132185e+01
1.068495382278598171e+01 4.073967378499394698e+01 3.941714864479420299e+01
4.843825861951218315e+01 6.945172552934780086e+00 3.646480617878771113e+01
2.466530939689474877e+01 9.723956300842630185e+00 4.148114676432037129e+01
1.937674131895377272e+01 5.281985787190043169e+01 2.641920876832381992e+01
4.858363921151318010e+01 1.566042648426467565e+01 3.072261630813455113e+01
4.971785556266158324e+01 3.221157381619575233e+01 3.480854254544159687e+01
2.111369899915437287e+01 2.063540359631510057e+01 3.409516100269208749e+01
5.350638074276847078e+01 2.858725106468601496e+01 3.057502540997906593e+01
4.171610056103599362e+01 1.330379049755083187e+01 3.281194782247458619e+01
3.898446869086525624e+01 3.498734554189024237e+01 3.383111843246977202e+01
4.176150978888429677e+01 3.213286538150104121e+01 2.469738016604651420e+01
4.563571656535361853e+01 2.746407170246902041e+01 4.102954806042255598e+01
2.421971481801264048e+01 9.274166956697790454e+00 2.744565625765641670e+01
1.464118138765911326e+01 5.067370188246503915e+01 3.553715763134668748e+01
4.888632553702083072e+01 3.332007547759161525e+01 3.017045318200243997e+01
3.830548096674343128e+01 3.147985225995609682e+01 3.905355450837612352e+01
4.846853479375116791e+01 8.707073798367076733e+00 2.901483679876483990e+01
2.920841448937110130e+01 9.176300948496876941e+00 2.239603097711284363e+01
4.050586098924623002e+01 1.433126413675908140e+01 2.662923232523723271e+01
1.627465464916858551e+01 3.431741955819745726e+01 2.318793691897552378e+01
1.309137311380722579e+01 3.201937454579650932e+01 2.412728177706830479e+01
2.348595484150044044e+01 2.521622459962120644e+01 4.049352865436432580e+01
1.798341022141872259e+01 4.881636095840167400e+01 4.395097611448036190e+01
1.554141096129402655e+01 3.406272847663991143e+01 4.007568159143351494e+01
3.716338736843364643e+01 1.921968988891347507e+01 2.082759185818458292e+01
5.344758822671867904e+01 2.864756945751407002e+01 3.050908371855852153e+01
4.211332227320994548e+01 1.510809467171950971e+01 3.850781574850716282e+01
3.908531060502239285e+01 1.478765149577064975e+01 2.542151363462630087e+01
3.615559370001466277e+01 1.274324681752127297e+01 3.120220278314849693e+01
1.452093751877166561e+01 4.990748457370023061e+01 3.666650080826970992e+01
3.285470496185942579e+01 1.810870722616378004e+01 2.113465284197950567e+01
2.885384516950423617e+01 7.347946333545879227e+00 3.850113209926681890e+01
2.121155990582947126e+01 4.787517512421556631e+01 4.313185022888837494e+01
4.602801768947878713e+01 2.182584462384626534e+01 2.141386630671578217e+01
2.740798631041775835e+01 3.959558374670039882e+01 3.072167602240924822e+01
8.584034015850601662e+00 3.858315486722442955e+01 2.357306019842729938e+01
5.267210025092236947e+01 1.984263972418222721e+01 3.187471982683188187e+01
2.209194701745266087e+01 1.748384585939691505e+01 2.411731278506313814e+01
5.138764071003385681e+01 1.747260922679303619e+01 4.000434536424850052e+01
2.458950981400432312e+01 1.113369254538607223e+01 2.843089005288600646e+01
3.288137385558378867e+01 2.218881870334534767e+01 2.028299969396049107e+01
3.100183152261610786e+01 3.331619914168842200e+01 3.936531834151872289e+01
9.489233579123306228e+00 4.287136902666178884e+01 3.163238800479908264e+01
2.387183177719768068e+01 4.348504260333175608e+01 2.530458523402151627e+01
4.479332470532433064e+01 2.431427567492183073e+01 4.176586393414948617e+01
4.024745551293808177e+01 3.460594175064485967e+01 2.861164502740320614e+01
2.030633898283248939e+01 2.390216394310226633e+01 2.702605284116342332e+01
1.997640595902124971e+01 4.940234647333457474e+01 1.905507541253789583e+01
5.095400514756506993e+01 1.339278150403306356e+01 3.363128465341079476e+01
1.313534014646230830e+01 3.816827243001455372e+01 2.197395490594382039e+01
3.932479238416583200e+01 1.878946146764602432e+01 4.194361569738801876e+01
2.841860262160948025e+01 1.876258470110573384e+01 4.277941580517008191e+01
4.971910427084834083e+01 3.264564540844386187e+01 2.918839686451422466e+01
4.178001314170330716e+01 2.816066534471906380e+01 4.103418315195185073e+01
1.568334488660015325e+01 4.761372843975284752e+01 4.083670617714356155e+01
5.009407312350518282e+01 1.194941809307150749e+01 3.335831826169959413e+01
3.789778747151333960e+01 2.550273729407280143e+01 2.075820222443067564e+01
3.049879153715706082e+01 3.392256154145490399e+01 3.903781108449332748e+01
6.351726990682815988e+00 3.706413570676978253e+01 3.325602029563240336e+01
4.219927499270774263e+01 2.775999473963893394e+01 4.120360653631289694e+01
1.455715995252070627e+01 3.556598032892255645e+01 4.094416074027387253e+01
7.362101553410173693e+00 3.848990851429387305e+01 3.715628125908495605e+01
2.271706094073219617e+01 1.833944069441807301e+01 2.792783261279678086e+01
2.019157610469253683e+01 2.828922250685598527e+01 3.525912734637089585e+01
1.283446815375922867e+01 4.805892437977683329e+01 2.520175527726221887e+01
2.453669152466392234e+01 1.709638325639397038e+01 3.237140438322929015e+01
3.590963046576672468e+01 1.702674064399602827e+01 4.145536382897797978e+01
9.771139818453676185e+00 4.365513800290722912e+01 3.169718710358250036e+01
4.313097526915500168e+01 2.052711636581044985e+01 2.121226103315309075e+01
5.378334489206968527e+01 2.735771624754851672e+01 2.892138717366285050e+01
2.751273459137841826e+01 2.698394311247897548e+01 2.098277252272508164e+01
4.473566068036323173e+01 1.440171124403508962e+01 3.309292841111613370e+01
1.737292312696153118e+01 4.958866359095181764e+01 2.314804955024724364e+01
2.172059963372982949e+01 4.394934881610261357e+01 3.947393702652777847e+01
8.651336207759261043e+00 4.116527865444984968e+01 2.815271327423096182e+01
4.886828289302940220e+01 1.331882520895555011e+01 3.300817011546949686e+01
4.314955966290223444e+01 2.091764797394226605e+01 2.119862064975255578e+01
4.635598649933143633e+01 3.142926690070956397e+01 3.815929451906822578e+01
1.975876525552050111e+01 3.000388466970648693e+01 2.827397113597547218e+01
2.218498139246062095e+01 1.874043687300437355e+01 3.941594926666456900e+01
1.878202820372024817e+01 3.009121136857581291e+01 2.931418862853994867e+01
2.879673840604283441e+01 3.458846655892335775e+01 3.836415025076577479e+01
4.390359397650909301e+01 1.429557252802333167e+01 2.879783015578222916e+01
9.377797956182188699e+00 3.870743180875145129e+01 3.991525614372444153e+01
9.927716694127742159e+00 4.189095989787088570e+01 2.507378083895699561e+01
2.265315831270661207e+01 4.769987174550897180e+01 2.816310837114565757e+01
2.185946663471696993e+01 1.996606742057557682e+01 3.686608780020952025e+01
4.720261196893434885e+01 7.935296643454571530e+00 2.818570966669079780e+01
2.377663871664100981e+01 2.027352708302062823e+01 4.167319772220153595e+01
4.109371532068587385e+01 2.437308048375743752e+01 4.207696778829338058e+01
3.806576619225256053e+01 1.528373589912390251e+01 2.455149157660004988e+01
1.024359185055057964e+01 3.558363634895046346e+01 2.209187581457691252e+01
2.554951062879057488e+01 4.201199722973709072e+01 3.681705540742262883e+01
1.048613158899203768e+01 3.753513613102199997e+01 2.211749363457376916e+01
4.682401398581306751e+01 3.117794684875508437e+01 3.828787738429825538e+01
2.668082202395324032e+01 4.262509033736904485e+01 2.843279038539245107e+01
4.085163062752476293e+01 1.508174747319398179e+01 2.547125578238330945e+01
4.746737761749280082e+01 2.812726039719508719e+01 4.032258621140881161e+01
5.256577124043895566e+01 2.287437892875132306e+01 2.615472976578031705e+01
5.150260100087421478e+01 8.885365092136261467e+00 3.845222126685833075e+01
5.274832473490384643e+01 2.291656202413756560e+01 3.648225270801233933e+01
3.872546059112043793e+01 1.770033113275771086e+01 4.165590368405933219e+01
1.660270706654040396e+01 5.165733428450466391e+01 3.226435317867436225e+01
2.908788720286181473e+01 3.674645022471503353e+01 3.618890943311595976e+01
1.141646232260014671e+01 4.565954536815428355e+01 3.763770021502875807e+01
2.567501766537732522e+01 2.845970750304426033e+01 4.074665348964673939e+01
5.155066873645917269e+01 9.759574506855518194e+00 3.508285609770533142e+01
3.598661861290760555e+01 3.585151701862618268e+01 2.733091583023276883e+01
2.670761955857565084e+01 2.210372343048465638e+01 4.246492592173623848e+01
3.943020932423560510e+01 1.397874379546619394e+01 3.666030984231387180e+01
4.860917059599440648e+01 3.352284081769834501e+01 3.123787727065431241e+01
3.363451192987906779e+01 1.512762701276518484e+01 3.741505002024945270e+01
1.155330855078581287e+01 3.085731480216883682e+01 2.832305291390698443e+01
4.569112630187773050e+01 1.825029549767172554e+01 4.151887163664991220e+01
1.503112734205094725e+01 4.307872284558185072e+01 2.311983750322606923e+01
2.315831040362434123e+01 4.652499299645107556e+01 2.745510657571897895e+01
3.170931624705893626e+01 3.697617846980688228e+01 3.578368043486332795e+01
2.681452259906845370e+01 4.373847450918184165e+01 3.143828072766413584e+01
3.187863636318182614e+01 2.082087997104023458e+01 4.270126372216454058e+01
2.639703739192011511e+01 4.317026608841150903e+01 3.461955621503311420e+01
2.218912530620242052e+01 4.787385959930207946e+01 3.517342051458884100e+01
1.542460729771227435e+01 3.395070709613850113e+01 4.004872040318087301e+01
4.815174707805052634e+01 2.176983611332514101e+01 4.109822632866472247e+01
2.282490919394495421e+01 1.857224132827850838e+01 2.975533053850655563e+01
2.373837117755597603e+01 1.029133324841664177e+01 3.548011962415541376e+01
3.667640711151197053e+01 3.581152249777811392e+01 3.452906604745971464e+01
4.985874217797088903e+01 3.037902316092785426e+01 2.553908529096091229e+01
1.966946687897201684e+01 2.865982936319065288e+01 3.447253463160808451e+01
3.717564900972539021e+01 1.258293514572664762e+01 3.098315145308249186e+01
2.961033557913215475e+01 3.487170965879657558e+01 3.829225692496602562e+01
4.142288957937626037e+01 2.211497195388136205e+01 4.202414278814333670e+01
2.141921286796598167e+01 4.758120351733091269e+01 3.991661255441852774e+01
1.456462764067565097e+01 3.049142054126150470e+01 2.974032119034099608e+01
2.603702227578646955e+01 3.054509765854736969e+01 2.306822274195602063e+01
4.997015016381831742e+01 9.348137877054899292e+00 2.291621808058553356e+01
2.216008169540072004e+01 1.369914807434154724e+01 3.759613226721915424e+01
3.567476918838545430e+01 3.290547211155473661e+01 2.414591844918712127e+01
5.231657473171730288e+01 1.684836426001303522e+01 2.698849454951482585e+01
2.132712797126094628e+01 3.582637618846607808e+01 2.465718553229161358e+01
3.344338686286135953e+01 3.507802922953260349e+01 3.791169212528154020e+01
1.114831671046265171e+01 3.953223014552699510e+01 2.257948382420045164e+01
2.076746138086785010e+01 4.869303762023805859e+01 1.924908779990889229e+01
9.893674034938905848e+00 4.000617713009031462e+01 2.348114875659782541e+01
2.086515160821649673e+01 3.607060952975012924e+01 3.890223263067878179e+01
3.029488051251089331e+01 2.393344593168227519e+01 2.024260624104083206e+01
2.332139031829483855e+01 1.596777291537972587e+01 2.802735739335217602e+01
2.747044846713579958e+01 3.834427021000231406e+01 3.190429130652076850e+01
7.014392421341918649e+00 3.412341581150464975e+01 3.400395199843426042e+01
3.201497203434101380e+01 2.004433112524428040e+01 2.043946703439642221e+01
4.491696251411545404e+01 3.381243996401002505e+01 3.538338648191433577e+01
1.779385396350518533e+01 4.156379798681051341e+01 2.286109898134631635e+01
1.718879132113056585e+01 4.928899513009618971e+01 4.004708815886063178e+01
1.251813796863190298e+01 4.987201286180849991e+01 3.012088059060182488e+01
5.460969712237975671e+01 2.526910717915932736e+01 3.088129499467837746e+01
3.669416657208742549e+01 1.271802283951427448e+01 3.013809589642418274e+01
3.913927181807490996e+01 1.263109640731292593e+01 3.289836394235894090e+01
3.970922502286390454e+01 1.861090378770581211e+01 2.121562907538166343e+01
2.731263400608432335e+01 7.186282326024886480e+00 3.905633777220087666e+01
1.079229838242641293e+01 4.644903758162771368e+01 3.261824875925020706e+01
1.867487604966139614e+01 3.093841650835777557e+01 3.443813927103897043e+01
1.378970998988948793e+01 4.831832275343157335e+01 2.487121138552217303e+01
4.632283282724377216e+01 7.730266390367249052e+00 2.723926089835299535e+01
8.945758535011229640e+00 3.244288887144865186e+01 2.647214088715790581e+01
4.474883344067701785e+01 1.568499446183695056e+01 2.211698124622896700e+01
4.642779099425731459e+01 3.423042623255174277e+01 3.332539397444602258e+01
3.469594926011777147e+01 1.654329434173335400e+01 2.262220112330057731e+01
1.486160035678893365e+01 3.091579314239074350e+01 2.720783143911733504e+01
7.735647193791888476e+00 3.978916834010730952e+01 3.468126607328163402e+01
5.075680848148565616e+01 1.710304458929686433e+01 3.261231297136630758e+01
7.050262889040550540e+00 3.903167185191894362e+01 3.275346482293430483e+01
4.651992747939687689e+01 2.408615093301636989e+01 2.147487855006257007e+01
1.878368964058413582e+01 3.029237727307256023e+01 3.399528196675770175e+01
1.140349298736995465e+01 4.252114018583669264e+01 2.383051209919513624e+01
5.299673324630716564e+01 2.861084819675303237e+01 3.399785074168966048e+01
2.272202736115540489e+01 1.723361139749997406e+01 2.735090080880523544e+01
4.866160224815529034e+01 1.910856459221034243e+01 2.166385381078331562e+01
5.226793002881673544e+01 2.031706455146895962e+01 3.743059888973242266e+01
2.347221285234851962e+01 1.109997369386057642e+01 2.185298178865674146e+01
1.917913016848274310e+01 2.573679526663863015e+01 3.311479535205636182e+01
3.997872556126128529e+01 1.491680149358596097e+01 3.781598747663463911e+01
4.443022619662654904e+01 2.185231107064490530e+01 4.177892917232628633e+01
5.342573579062771216e+01 2.869836301580068749e+01 3.233285308514344791e+01
2.411436776329322385e+01 1.721641898702021933e+01 4.228961599765217727e+01
2.227423929945799941e+01 2.020303533322386613e+01 3.966688786206393758e+01
2.643449918245200791e+01 2.164046094119260033e+01 4.248030733259160741e+01
4.504861623150109295e+01 1.494579024604556849e+01 4.084766434395992007e+01
8.370683218766686196e+00 3.987995521722160674e+01 3.731640701110612923e+01
2.556580056732685335e+01 4.219779603729620732e+01 3.666458093823604969e+01
2.933670208293285597e+01 1.501505596394995834e+01 3.046769834336967619e+01
5.041850565771472503e+01 2.736442050283518057e+01 2.384774540611650195e+01
3.053936357517910238e+01 3.737551957829395377e+01 2.828804014511642606e+01
1.750058363588011900e+01 5.458995595935314782e+01 2.549641830222963890e+01
4.813570743884901049e+01 3.156513701871638133e+01 2.550065021971225931e+01
1.007637252104659353e+01 4.342401133294535498e+01 2.664970386687922854e+01
4.480934828056210506e+01 1.249126193943973107e+01 2.849165671496780661e+01
4.285668057404392783e+01 3.345465627372567496e+01 3.632283937579337874e+01
1.352557858468233576e+01 3.334404700052073878e+01 4.016988610933698567e+01
5.219211011803811573e+01 1.993281319905730342e+01 3.766002656889358491e+01
7.856534381353440288e+00 3.979248865888994402e+01 3.555059308199079737e+01
2.955869493767027478e+01 3.429345703345995844e+01 2.412038061573326431e+01
2.956681647042998051e+01 3.717962175872323627e+01 2.748037768617222554e+01
2.436250083767082941e+01 1.107339710017638978e+01 2.827242748772336256e+01
4.618282645529060204e+01 3.451139062666211998e+01 3.201305824772543218e+01
3.770675914496392522e+01 3.445904963762854578e+01 3.636647466639312398e+01
2.283468059031257980e+01 1.577139195736497967e+01 3.564507081579090908e+01
3.812040659321735347e+01 1.957365921346297455e+01 2.084567875512463075e+01
4.273311795136676494e+01 1.470663427956522185e+01 2.488855779510878463e+01
7.627119697116723884e+00 3.595575733377565086e+01 3.919091621633632627e+01
4.530174874975017474e+01 3.451132915571864146e+01 3.305977737841687514e+01
4.553668546483919499e+01 7.996907830153247687e+00 3.582800321193060000e+01
2.277427881002212473e+01 1.862931093901920931e+01 4.086452584858020032e+01
2.611924803125772243e+01 3.819716783947318817e+01 3.584766718838093880e+01
2.967655299409423719e+01 1.105649645401074821e+01 2.174691203925138083e+01
1.491632412671203411e+01 3.183260575203445697e+01 2.519862457817654189e+01
2.019437042299174934e+01 2.483012935816019251e+01 3.579741226181491953e+01
1.211894141662528668e+01 3.052225368711967946e+01 3.144753315556351225e+01
3.969107933431772040e+01 2.307916968999247231e+01 4.224535818913815177e+01
4.469186625524619672e+01 1.017836502245533836e+01 3.911805155756653818e+01
4.741840706094234292e+01 1.066127063998015601e+01 2.216365396909154128e+01
4.268475819262816628e+01 1.365216475093169990e+01 3.071812404460080970e+01
2.254112425565686806e+01 2.208290827502150577e+01 4.009786514764628862e+01
2.228858478534528942e+01 1.429835543742438375e+01 2.604244992287166838e+01
3.857061722653687497e+01 3.536341548998524331e+01 3.229855608290493763e+01
3.949420717615138443e+01 1.799119476437739351e+01 2.140016726899844457e+01
4.371193134808701330e+01 2.789193810391608253e+01 2.188373194968262681e+01
1.281001359551481578e+01 3.366179207611381941e+01 2.268593054879579540e+01
2.177399452027520610e+01 3.469333497104546638e+01 2.561161920375223389e+01
3.139335883735599353e+01 3.171719324072769552e+01 4.021322703468150195e+01
1.859765453281222847e+01 4.446600702997425714e+01 4.174946578685381837e+01
1.221945024680093184e+01 4.191152366005505314e+01 3.964585754349147351e+01
4.935764117006873875e+01 1.018810115809198713e+01 3.350619266445979605e+01
2.173004728952285802e+01 4.779853332192252680e+01 2.681495737217637298e+01
1.670097887967038019e+01 5.049039364018639731e+01 3.753940534018917674e+01
2.969555794346936040e+01 2.144397384242409998e+01 2.027319534177870253e+01
2.446575009952239910e+01 4.237363470775821384e+01 2.522316057419962476e+01
5.242305134375310161e+01 2.705829891408798460e+01 3.676761651282571819e+01
2.155461538240320962e+01 4.730166994488086374e+01 3.877512415846906890e+01
4.676372489455280856e+01 1.094468537753396653e+01 2.951635993018902582e+01
3.433765514739964431e+01 1.704067753511831995e+01 4.133476771112033532e+01
2.748387959404325187e+01 4.053178719668950691e+01 3.079576148657146462e+01
4.180252528830465053e+01 1.983702913207948626e+01 2.116791360865981630e+01
4.564368309898186737e+01 3.341858294725421530e+01 3.594410833105709457e+01
1.828708052079098323e+01 5.402195031704718531e+01 3.788212572452884785e+01
2.177416126015247499e+01 2.668080958099793065e+01 2.473529444531563826e+01
2.378803773271482669e+01 3.075505882575091121e+01 3.797234713806613371e+01
4.967211774129904001e+01 1.745820176039008231e+01 4.120244328265545875e+01
1.034940377346670637e+01 4.250913580993159258e+01 3.798442119942072281e+01
5.347606947864014870e+01 2.180367666201008703e+01 3.196810759334059782e+01
1.490772802308350009e+01 3.050511446425228002e+01 3.020121082218732411e+01
4.375914481467522421e+01 1.343407090595563247e+01 3.556188690645422668e+01
5.314984350299209837e+01 2.792832419310195746e+01 2.823818382963978735e+01
4.450619768895963091e+01 1.043739524646404249e+01 2.738788354574585071e+01
1.471062543860737826e+01 3.057077801938219963e+01 3.454711833464722304e+01
2.288254207410800589e+01 9.520403288449681867e+00 2.426056192620353613e+01
2.451364905965806784e+01 1.395845865178409362e+01 4.241394068259089067e+01
2.206957302496568118e+01 2.877439458766013658e+01 2.537171520542210246e+01
4.994616621481677043e+01 2.145841664815237237e+01 2.258514062500719888e+01
1.314670634652147996e+01 3.067837110976170223e+01 3.573378760755614536e+01
2.411227725639356834e+01 4.801035276916557848e+01 3.220276887547001365e+01
1.644839544364396033e+01 4.104470596044401987e+01 2.261997675306313127e+01
4.089566391406592771e+01 2.912561056996173647e+01 4.054282450956073802e+01
3.039735865022595718e+01 1.507477583543029986e+01 2.136473715895586878e+01
4.229315832677886533e+01 1.639583793708528248e+01 4.063722847967773788e+01
3.422717801084075973e+01 2.285940898641591446e+01 2.028981945425136146e+01
3.070018926980628393e+01 9.348522305248497588e+00 3.943550221244034049e+01
2.555523666857536824e+01 1.343122025893288374e+01 4.270119762790062623e+01
4.643388050965249647e+01 1.953779678704479750e+01 4.152042007261361789e+01
2.467624205534508164e+01 1.702061920097306214e+01 3.064256090509113051e+01
4.824540433354657409e+01 2.373123414828217292e+01 4.104329514627993092e+01
4.811171129037858663e+01 7.271967220564798495e+00 3.867116336296653145e+01
5.008073558565232730e+01 1.696447310020338506e+01 3.195954603413527551e+01
5.408925236935908032e+01 2.425628862376779082e+01 3.056955450744239400e+01
3.366885229055550610e+01 3.551093032247220549e+01 3.738460378220808167e+01
5.156826243499065043e+01 1.804232773872355011e+01 3.014442649251842354e+01
1.647655244003112784e+01 3.769239066324315957e+01 2.219177323521324752e+01
2.371091771543437332e+01 1.758644166844272405e+01 2.913380912641737197e+01
5.230649942622731885e+01 1.629833103840829622e+01 2.542167827366546362e+01
3.512386765424926693e+01 3.674276352215915864e+01 3.104377950561157817e+01
4.406692606373583487e+01 1.057732570459983279e+01 3.665597556251825750e+01
3.612391326501771971e+01 3.449219447717442222e+01 2.547546669148519527e+01
1.234374718367882195e+01 4.908401204182928268e+01 3.473527583173241595e+01
4.542619443432072046e+01 1.034503963036169338e+01 3.998775609515205787e+01
5.251119264943443454e+01 1.915449903011493049e+01 3.494769584143909213e+01
1.917304857471719259e+01 2.447655667031916238e+01 3.203293162176228748e+01
2.546282060747288511e+01 7.360163174235975880e+00 3.680538326987179687e+01
1.538287674762112722e+01 3.615829182880295178e+01 2.212986474079413313e+01
1.887075717602054681e+01 5.440500150017139447e+01 3.596563145886769064e+01
2.806601389105045996e+01 1.522976927548332071e+01 3.275457649632511448e+01
1.880880730758826047e+01 3.018502218398869985e+01 3.381018323677527349e+01
3.163803656798953767e+01 2.071223295263836661e+01 4.269957423276942166e+01
2.456109423136616243e+01 7.606018676243969878e+00 3.783901058084174451e+01
4.042953807017381251e+01 3.006739454539331291e+01 3.991951543761484800e+01
2.377967872849758280e+01 3.063411981024322728e+01 3.804979142703213313e+01
5.407000640588146467e+01 2.655836551401014489e+01 2.900011050618167374e+01
2.175529620608515202e+01 4.521255097874890083e+01 4.112800928039194304e+01
4.333296262903346729e+01 2.998387967316794800e+01 3.985775627366110285e+01
2.247076330557437629e+01 1.380434168202700107e+01 2.641203300835035250e+01
4.859645985665707713e+01 1.952734641764721601e+01 2.171110095968618481e+01
2.312186869213940099e+01 4.904038976994534238e+01 3.228967708538327486e+01
4.799200590902702857e+01 3.311320898694627601e+01 2.776646886635665368e+01
2.707250920568417385e+01 3.986042750726447537e+01 3.431388457743214815e+01
3.017315558928103414e+01 2.489161332383164904e+01 4.269737984536762809e+01
4.862569644741455477e+01 1.305110188657503301e+01 3.305251499482132260e+01
4.288315321413530512e+01 1.444717887461337646e+01 2.763339699973271735e+01
3.929866763267925478e+01 1.473988612949989552e+01 3.769399334532221246e+01
2.265180339048106362e+01 2.249677542358170967e+01 2.279831328739111029e+01
1.776058327644748402e+01 5.495827995846170921e+01 2.574337805737544826e+01
4.455189971244642777e+01 9.703490488345483556e+00 3.849469851037081014e+01
4.503798330888495371e+01 1.808137466005115357e+01 2.158575630490323150e+01
8.712805896156451624e+00 3.938826513373826543e+01 3.861949166660878063e+01
4.411202523288471866e+01 1.130681679641628534e+01 3.876727574780683483e+01
4.622553501728511804e+01 3.021843293703978617e+01 2.343749031413275929e+01
4.828747821724431333e+01 1.581737798799484374e+01 3.176684781843290040e+01
4.110903680379662717e+01 2.042068843704636549e+01 2.109395366877451394e+01
6.848915335109919234e+00 3.454731089476170069e+01 2.941730832570835830e+01
4.017533122544844559e+01 1.335847667126336447e+01 2.826285698075897201e+01
2.822686188487684333e+01 3.205145536206255485e+01 2.305938790540578509e+01
2.227029830005340827e+01 1.408293806078767929e+01 2.283993007755297100e+01
3.341775009792603157e+01 1.496735248725785183e+01 2.675006061067590934e+01
1.435657939514899795e+01 4.587452351472443013e+01 2.370188792594827021e+01
1.934557652120805216e+01 5.312981844983480073e+01 2.640809769983293620e+01
3.666028152246285998e+01 2.706678539715075971e+01 4.184098716385495464e+01
2.670727668104734676e+01 2.052851817619015407e+01 4.263136194223927333e+01
2.286780950644637400e+01 4.155044179019585471e+01 3.886711289488316368e+01
2.591057702123213602e+01 3.344064336870994225e+01 2.498172489430803012e+01
2.452142374681491788e+01 1.644636487148170190e+01 2.903171271827093847e+01
3.286267084615033696e+01 1.991235085816841988e+01 4.256959174876710250e+01
3.500636233596324587e+01 1.513094356669216545e+01 3.809557440584357124e+01
2.537186249197364418e+01 4.399296360005941864e+01 2.736907453341154550e+01
2.702702127214046612e+01 3.829316933027384806e+01 3.364774893249982313e+01
1.240114447605949799e+01 3.205471696108730129e+01 2.406976904386261040e+01
2.230258857471175205e+01 4.472146089702486194e+01 3.876926083016824975e+01
4.814797857624110833e+01 2.782933880099767876e+01 2.266461123626325502e+01
3.819896709988458383e+01 1.922721406408001243e+01 2.091247190924912402e+01
4.924444998531384954e+01 1.623224306663789207e+01 4.140371302150266786e+01
6.336604941438830352e+00 3.669607829528426635e+01 3.238489977122569030e+01
