9.779284769618632467e+00
4.179958911953550071e+00
3.212628089564451006e+00
2.781939232574513809e+00
2.521983696361398852e+00
2.317483164400498286e+00
2.140868130341874398e+00
1.984310588985534807e+00
1.844338086451177805e+00
1.718717435254833337e+00
1.605697625090467540e+00
1.503788222428892762e+00
1.411693541447843536e+00
1.328286516684635599e+00
1.252585864633001478e+00
1.183731285334008509e+00
1.120961515703425615e+00
1.063599520962807965e+00
1.011044783556032556e+00
9.627693681274920312e-01
9.183140418425473905e-01
8.772823295082271544e-01
8.393323255945466244e-01
8.041673595907682381e-01
7.715269910867806891e-01
7.411794933070364744e-01
7.129163281032777633e-01
6.865484872314183695e-01
6.619042068756147978e-01
6.388274911054414584e-01
6.171770013305255542e-01
5.968250494395513917e-01
5.776565842351085722e-01
5.595681544049053713e-01
5.424668735082947002e-01
5.262694221302972597e-01
5.109011162768259950e-01
4.962950599135954044e-01
4.823913885516625810e-01
4.691366018603403409e-01
4.564829767179175435e-01
4.443880476090862897e-01
4.328141385444578826e-01
4.217279295930689842e-01
4.111000417449203193e-01
4.009046262801189697e-01
3.911189491179150046e-01
3.817229664558678404e-01
3.726988946794456692e-01
3.640307839412160740e-01
